7.957747154594768E-5     -0.25                    -1.0012198794304294
7.957747154594768E-5     0                        -1.0016093629059497
7.957747154594768E-5     0.25                     -0.9988208882371788
7.957747154594768E-5     0.49                     -0.9931461769879448
3.103521390291959E-4     -0.25                    -1.014881686957261
3.103521390291959E-4     0                        -1.0193847178214688
3.103521390291959E-4     0.25                     -0.9767652175411818
3.103521390291959E-4     0.49                     -0.8919217504153424
5.411268065124441E-4     -0.25                    -1.0478268564136928
5.411268065124441E-4     0                        -1.0579953797024704
5.411268065124441E-4     0.25                     -0.927041912405808
5.411268065124441E-4     0.49                     -0.6730318174668103
7.719014739956923E-4     -0.25                    -1.1073994538212362
7.719014739956923E-4     0                        -1.1185254358406642
7.719014739956923E-4     0.25                     -0.8472960786705942
7.719014739956923E-4     0.49                     -0.3401186236017093
0.0010026761414789406    -0.25                    -1.2055432540810824
0.0010026761414789406    0                        -1.199580430878859
0.0010026761414789406    0.25                     -0.7318081707976968
0.0010026761414789406    0.49                     0.0969477089366147
