7.957747154594768E-5     -0.25                    -3.316392106876277E-4
7.957747154594768E-5     0                        -0.0013777801909255166
7.957747154594768E-5     0.25                     -0.0013350530988052967
7.957747154594768E-5     0.49                     -7.797064065109619E-5
3.183098861837907E-4     -0.25                    -1.828104758514401E-4
3.183098861837907E-4     0                        -0.020082109438916012
3.183098861837907E-4     0.25                     -0.019284659054650467
3.183098861837907E-4     0.49                     0.001538289350033915
5.570423008216337E-4     -0.25                    -0.003182253098301952
5.570423008216337E-4     0                        -0.06168850971836244
5.570423008216337E-4     0.25                     -0.05402459466777045
5.570423008216337E-4     0.49                     0.02120781875640224
7.957747154594767E-4     -0.25                    -0.013626804099323507
7.957747154594767E-4     0                        -0.12573831489575085
7.957747154594767E-4     0.25                     -0.0946796417286403
7.957747154594767E-4     0.49                     0.09629977964375443
0.0010345071300973197    -0.25                    -0.03990537422270845
0.0010345071300973197    0                        -0.21185701981404406
0.0010345071300973197    0.25                     -0.1258681570886832
0.0010345071300973197    0.49                     0.2861703926075512
