5.0E-6                   -0.25                    -0.9779262596656233
5.0E-6                   0                        -0.9830293408255449
5.0E-6                   0.25                     -0.9767824967164009
5.0E-6                   0.49                     -0.9770049450323777
1.9999999999999998E-5    -0.25                    -0.6733082879537088
1.9999999999999998E-5    0                        -0.6795243122430804
1.9999999999999998E-5    0.25                     -0.6641985724336635
1.9999999999999998E-5    0.49                     -0.6676982758952134
3.5E-5                   -0.25                    -0.12074663942934961
3.5E-5                   0                        -0.12578066414248282
3.5E-5                   0.25                     -0.14268171438676758
3.5E-5                   0.49                     -0.17250469144370847
4.9999999999999996E-5    -0.25                    0.49515294623089756
4.9999999999999996E-5    0                        0.4463879336786777
4.9999999999999996E-5    0.25                     0.37606482009267045
4.9999999999999996E-5    0.49                     0.2778322030422143
6.5E-5                   -0.25                    1.0315061335658107
6.5E-5                   0                        0.910718600394199
6.5E-5                   0.25                     0.7611382302344626
6.5E-5                   0.49                     0.5317775691684398
